---
execution:
    success: true
model:
    last_step: 1
    ifs_sp_e: [ 0.355429962158203E+03, 0.355093780517578E+03 ]
    wam_wpp: [ 10.83745, 1.198594, 17.32930 ]
    wam_wmwd: [ 169.2959, 1.3000488E-02, 359.9976 ]
    wam_u: [ -0.3819750, -17.13857, 21.87924 ]
    wam_v: [ -0.3657516, -22.47966, 21.83801 ]
    ifs_sp_div: [ 0.127644898384460E-04, 0.124171692732489E-04 ]
    wam_wmws: [ 7.024522, 1.000000, 23.00556 ]
    wam_dc: [ 1.1745006E-03, 5.9182115E-04, 2.9311345E-03 ]
    wam_w: [ 0.5341493, 0.0000000E+00, 2.451129 ]
    ifs_mass_rain: [ 0.020359491929, .104300564971520E+14, 0.199658408761, 0.015940997750, .816648604876800E+13, 0.156327784061 ]
    ifs_mass_liq: [ 0.056832414120, .291149352796160E+14, 0.557335615158, 0.054788816720, .280680118353920E+14, 0.537294745445 ]
    wam_dens: [ 1.191077, 0.7032461, 1.481595 ]
    ifs_mass_hum: [ 24.351783752441, .124752854882714E+17, 238.809417724609, 24.361469268799, .124802472492401E+17, 238.904403686523 ]
    wam_swh: [ 2.557405, 3.8977392E-02, 10.33687 ]
    wam_ch: [ 1.5096112E-02, 6.5029501E-03, 6.6294521E-02 ]
    ifs_mass_ice: [ 0.019698608667, .100914891325440E+14, 0.193177357316, 0.017582897097, .900762225868800E+13, 0.172429323196 ]
    ifs_sp_vort: [ 0.290071566269035E-04, 0.288921146420762E-04 ]
    wam_ice: [ -286.2341, -999.0000, 1.000000 ]
    ifs_mass_snow: [ 0.050314057618, .257756170813440E+14, 0.493412375450, 0.041941009462, .214861506150400E+14, 0.411300808191 ]
    ifs_sp_temp: [ 0.243480361938477E+03, 0.243465896606445E+03 ]
    ssh_norm_max: [ 0.1803094930549698e+01 ]
    U_norm_max: [ 0.1151555022437232e+01 ]
    S_min: [ 0.5314776582819645e+00 ]
    S_max: [ 0.4054115563739632e+02 ]
timing:
    elapsed_time:
        tm_0_CNT0: 9727539
        tm_1_CNT4: 4475178
        tm_7_SCAN2M: 9181
        tm_8_SCAN2M: 26704
        tm_10_SCAN2M: 224798
        tm_13_SCAN2M: 145540
        tm_32_NEMO: 454996
        tm_37_CPGLAG: 28736
        tm_38_WAM: 723837
        tm_51_SCAN2M: 6869
        tm_65_RADINTG: 7916
        tm_66_RADINTG: 7080
        tm_89_SCAN2M: 7623
        tm_102_LTINV_CTL: 663
        tm_103_LTDIR_CTL: 908
        tm_106_FTDIR_CTL: 17743
        tm_107_FTINV_CTL: 6741
        tm_152_LTINV_CTL: 1639
        tm_153_LTDIR_CTL: 9566
        tm_157_FTINV_CTL: 13766
        tm_158_FTDIR_CTL: 1927
        tm_nemo_stp: 0
        tm_nemo_sbc: 153150
        tm_nemo_icestp: 62917
        tm_nemo_ice_dyn: 0
        tm_nemo_icethd: 0
        tm_nemo_stp_thermodyn: 0
        tm_nemo_zdf_phy: 58316
        tm_nemo_stp_lateral: 0
        tm_nemo_ldf_slp: 20261
        tm_nemo_stp_oceandyn: 77271
        tm_nemo_dom_vvl_sf_nxt: 8199
        tm_nemo_dyn_adv: 0
        tm_nemo_dyn_vor: 15612
        tm_nemo_dyn_ldf: 5934
        tm_nemo_dyn_hpg: 2987
        tm_nemo_dyn_spg: 0
        tm_nemo_dyn_zdf: 6368
        tm_nemo_stp_diag: 0
        tm_nemo_dia_wri: 6012
        tm_nemo_stp_tracers: 501367
        tm_nemo_tra_adv: 62563
        tm_nemo_tra_ldf: 0
        tm_nemo_tra_zdf: 0
        tm_nemo_stp_nxt: 0
        tm_nemo_tra_nxt: 13666
        tm_nemo_dyn_nxt: 14191
        tm_nemo_dom_vvl_sf_swp: 12845
        tm_nemo_dia_hsb: 0
